O     0
S   3   1.00
    322.0370000              0.0592394        
     48.4308000              0.3515000        
     10.4206000              0.7076580        
SP   2   1.00
      7.4029400             -0.4044530              0.2445860        
      1.5762000              1.2215600              0.8539550        
SP   1   1.00
      0.3736840              1.0000000              1.0000000        
****
H     0
S   2   1.00
      5.4471780              0.1562850        
      0.8245470              0.9046910        
S   1   1.00
      0.1831920              1.0000000        
****
H     0
S   2   1.00
      5.4471780              0.1562850        
      0.8245470              0.9046910        
S   1   1.00
      0.1831920              1.0000000        
****
