O     0
S   6   1.00
   8588.5000000              0.00189515       
   1297.2300000              0.0143859        
    299.2960000              0.0707320        
     87.3771000              0.2400010        
     25.6789000              0.5947970        
      3.7400400              0.2808020        
SP   3   1.00
     42.1175000              0.1138890              0.0365114        
      9.6283700              0.9208110              0.2371530        
      2.8533200             -0.00327447             0.8197020        
SP   1   1.00
      0.9056610              1.0000000              1.0000000        
SP   1   1.00
      0.2556110              1.0000000              1.0000000        
SP   1   1.00
      0.0845000              1.0000000              1.0000000        
D   1   1.00
      2.5840000              1.0000000        
D   1   1.00
      0.6460000              1.0000000        
****
H     0
S   3   1.00
     33.8650000              0.0254938        
      5.0947900              0.1903730        
      1.1587900              0.8521610        
S   1   1.00
      0.3258400              1.0000000        
S   1   1.00
      0.1027410              1.0000000        
P   1   1.00
      0.7500000              1.0000000        
****
H     0
S   3   1.00
     33.8650000              0.0254938        
      5.0947900              0.1903730        
      1.1587900              0.8521610        
S   1   1.00
      0.3258400              1.0000000        
S   1   1.00
      0.1027410              1.0000000        
P   1   1.00
      0.7500000              1.0000000        
****
