H    0
S  3  1.00
    34.061341      .60251978E-02
    5.1235746      .45021094E-01
    1.1646626      .20189726
S  1  1.00
    .32723041      1.0000000
S  1  1.00
    .10307241      1.0000000
P  1  1.00
 .80   1.00
****
O    0
S  6  1.00
  27032.382631      .21726302465E-03
  4052.3871392      .16838662199E-02
  922.32722710      .87395616265E-02
  261.24070989      .35239968808E-01
  85.354641351      .11153519115
  31.035035245      .25588953961
S  2  1.00
  12.260860728      .39768730901
  4.9987076005      .24627849430
S  1  1.00
  1.1703108158      1.0000000000
S  1  1.00
  .46474740994      1.0000000000
S  1  1.00
  .18504536357      1.0000000000
P  4  1.00
  63.274954801      .60685103418E-02
  14.627049379      .41912575824E-01
  4.4501223456      .16153841088
  1.5275799647      .35706951311
P  1  1.00
  .52935117943      .44794207502
P  1  1.00
  .17478421270      .24446069663
D  1  1.00
  1.20   1.00
****
